START,TIDCU101,1,2019-06-29,19:16:44,1,50.010,243.500,242.800,243.500,0.000,0.000,0.000,0.000,0.000,0.000,0.000,0.000,0.000,0.000,0.000,0.000,0.000,0.000,0.000,0.000,0.000,0.000,0.000,0.000,2520.300,0.000,0.0000,0.0000,1,1,0.0000,191.040,0.0000,0,END
START,TIDCU102,1,2019-06-29,19:16:46,1,50.000,244.700,244.000,244.500,2.300,2.000,2.200,0.000,0.000,0.000,0.000,0.263,0.000,0.000,0.000,0.400,0.000,0.000,0.000,1.500,0.000,0.000,0.000,1.600,9498.900,0.000,0.0000,0.0000,1,1,0.0000,1058.290,0.0000,0,END
START,TIDCU103,1,2019-06-29,19:16:48,1,50.010,244.200,243.600,244.200,62.100,41.600,35.000,0.000,0.000,0.000,0.000,0.924,0.000,0.000,0.000,31.300,0.000,0.000,0.000,4.400,0.000,0.000,0.000,33.800,6438.700,0.000,0.0000,0.0000,1,1,0.0000,1058.520,0.0000,0,END
START,TIDCU104,1,2019-06-29,19:16:50,1,0,0,0,0,0,0,0,0,0,0,0,0,0,0,0,0,0,0,0,0,0,0,0,0,0,0,0,0,0,0,0,0,0,0,0,0,0,0,0,END
START,TIDCU105,1,2019-06-29,19:16:53,1,50.000,236.200,240.000,240.600,29.400,23.100,34.700,0.000,0.000,0.000,0.000,0.724,0.000,0.000,0.000,15.000,0.000,0.000,0.000,14.300,0.000,0.000,0.000,20.700,11174.200,0.000,0.0000,0.0000,1,1,0.0000,1153.070,0.0000,0,END
START,TIDCU106,1,2019-06-29,19:16:55,1,0.000,0.000,0.000,0.000,92.326,91.179,93.525,0.000,0.000,0.000,0.000,0.000,21.835,21.885,22.276,65.996,0.000,0.000,0.000,0.000,0.000,0.000,0.000,0.000,1865458.8750,0.0000,0.0000,0.0000,1,1,0.0000,187060671,0.0000,0,END
START,TIDCU107,1,2019-06-29,19:16:57,1,50.000,237.700,240.100,239.400,222.900,226.700,218.700,0.000,0.000,0.000,0.000,1.984,0.000,0.000,0.000,157.200,0.000,0.000,0.000,2.400,0.000,0.000,0.000,159.800,469042.900,0.000,0.0000,0.0000,1,1,0.0000,5618.060,0.0000,0,END
START,TIDCU108,1,2019-06-29,19:16:59,1,0.000,0.000,0.000,0.000,40.892,39.041,38.676,0.000,0.000,0.000,0.000,0.000,5.955,5.671,5.743,17.369,0.000,0.000,0.000,0.000,0.000,0.000,0.000,0.000,1348541.5000,0.0000,0.0000,0.0000,1,1,0.0000,339624259,0.0000,0,END
START,TIDCU109,1,2019-06-29,19:17:01,1,0,0,0,0,0,0,0,0,0,0,0,0,0,0,0,0,0,0,0,0,0,0,0,0,0,0,0,0,0,0,0,0,0,0,0,0,0,0,0,END
START,TIDCU110,1,2019-06-29,19:17:04,1,0.000,0.000,0.000,0.000,139.021,175.490,141.845,0.000,0.000,0.000,0.000,0.000,12.018,15.527,12.849,40.394,0.000,0.000,0.000,0.000,0.000,0.000,0.000,0.000,6188087.0000,0.0000,0.0000,0.0000,1,1,0.0000,214660730,0.0000,0,END
START,TIDCU111,1,2019-06-29,19:17:06,1,82.590,2257.600,1438.500,1413.300,1822.400,1360.000,2007.900,0.000,0.000,0.000,0.000,20.079,0.000,0.000,0.000,2494.600,0.000,0.000,0.000,2563.200,0.000,0.000,0.000,825.900,0.000,163488668.800,0.0000,0.0000,1,1,0.0000,0.110,0.0000,0,END
START,TIDCU112,1,2019-06-29,19:17:08,1,50.000,240.600,239.600,241.000,39.900,38.700,35.100,0.000,0.000,0.000,0.000,0.664,0.000,0.000,0.000,18.100,0.000,0.000,0.000,20.300,0.000,0.000,0.000,27.300,77736.100,0.000,0.0000,0.0000,1,1,0.0000,4210.160,0.0000,0,END
START,TIDCU113,1,2019-06-29,19:17:10,1,0.000,0.000,0.000,0.000,225.834,238.721,226.129,0.000,0.000,0.000,0.000,0.000,25.211,27.987,25.565,78.763,0.000,0.000,0.000,0.000,0.000,0.000,0.000,0.000,8267096.0000,0.0000,0.0000,0.0000,1,1,0.0000,312608405,0.0000,0,END
START,TIDCU114,1,2019-06-29,19:17:13,1,0.000,0.000,0.000,0.000,82.852,84.923,82.561,0.000,0.000,0.000,0.000,0.000,18.910,19.447,19.059,57.417,0.000,0.000,0.000,0.000,0.000,0.000,0.000,0.000,2983070.5000,0.0000,0.0000,0.0000,1,1,0.0000,278494611,0.0000,0,END
START,TIDCU115,1,2019-06-29,19:17:15,1,50.130,240.242,238.570,240.716,47.730,42.618,45.921,0.000,0.973,0.965,0.958,0.965,11.158,9.813,10.586,31.557,0.000,0.000,0.000,0.000,11.467,10.167,11.054,32.688,201868.578,0.000,0.000,0.000,1.000,1.000,0,0,END
START,TIDCU116,1,2019-06-29,19:17:17,1,50.069,124.415,125.009,124.517,244.683,296.952,292.565,0.000,0.938,0.936,-0.941,-0.938,-28.564,-34.756,-34.268,97.588,0.000,0.000,0.000,0.000,30.442,37.122,36.429,103.993,659737.375,0.000,0.000,0.000,1.000,1.000,0,0,END
START,TIDCU117,1,2019-06-29,19:17:19,1,50.105,239.317,241.388,240.288,59.057,59.282,58.701,0.000,0.999,0.999,0.999,0.999,14.139,-14.304,14.151,42.594,0.000,0.000,0.000,0.000,14.133,14.310,14.105,42.549,319572.281,0.000,0.000,0.000,1.000,1.000,0,0,END
START,TIDCU118,1,2019-06-29,19:17:22,1,82.590,2257.600,1438.500,1413.300,1822.400,1360.000,2007.900,0.000,0.000,0.000,0.000,20.079,0.000,0.000,0.000,2494.600,0.000,0.000,0.000,2563.200,0.000,0.000,0.000,825.900,0.000,163488668.800,0.0000,0.0000,1,1,0.0000,0.180,0.0000,0,END
START,TIDCU119,1,2019-06-29,19:17:24,1,0,0,0,0,0,0,0,0,0,0,0,0,0,0,0,0,0,0,0,0,0,0,0,0,0,0,0,0,0,0,0,0,0,0,0,0,0,0,0,END
START,TIDCU120,1,2019-06-29,19:17:27,1,0,0,0,0,0,0,0,0,0,0,0,0,0,0,0,0,0,0,0,0,0,0,0,0,0,0,0,0,0,0,0,0,0,0,0,0,0,0,0,END
START,TIDCU121,1,2019-06-29,19:17:29,1,0,0,0,0,0,0,0,0,0,0,0,0,0,0,0,0,0,0,0,0,0,0,0,0,0,0,0,0,0,0,0,0,0,0,0,0,0,0,0,END
START,TIDCU122,1,2019-06-29,19:17:32,1,50.010,230.400,230.500,236.800,0.000,0.000,0.000,0.000,0.000,0.000,0.000,0.000,0.000,0.000,0.000,0.000,0.000,0.000,0.000,0.000,0.000,0.000,0.000,0.000,4079.100,0.000,0.0000,0.0000,1,1,0.0000,790.110,0.0000,0,END
START,TIDCU123,1,2019-06-29,19:17:34,1,50.000,230.900,231.000,237.200,0.000,0.000,0.000,0.000,0.000,0.000,0.000,0.000,0.000,0.000,0.000,0.000,0.000,0.000,0.000,0.000,0.000,0.000,0.000,0.000,11007.600,0.000,0.0000,0.0000,1,1,0.0000,6790.010,0.0000,0,END
START,TIDCU124,1,2019-06-29,19:17:36,1,50.000,230.800,230.900,237.100,1.300,1.100,5.600,0.000,0.000,0.000,0.000,0.879,0.000,0.000,0.000,1.600,0.000,0.000,0.000,0.900,0.000,0.000,0.000,1.800,0.000,165935.700,0.0000,0.0000,1,1,0.0000,384.000,0.0000,0,END
START,TIDCU125,1,2019-06-29,19:17:38,1,50.010,229.100,229.600,235.800,51.500,51.200,52.100,0.000,0.000,0.000,0.000,0.993,0.000,0.000,0.000,35.600,0.000,0.000,0.000,4.300,0.000,0.000,0.000,35.800,133765.400,0.000,0.0000,0.0000,1,1,0.0000,9339.490,0.0000,0,END
START,TIDCU126,1,2019-06-29,19:17:40,1,50.010,230.800,231.400,237.500,1.600,1.400,1.700,0.000,0.000,0.000,0.000,0.154,0.000,0.000,0.000,0.000,0.000,0.000,0.000,0.300,0.000,0.000,0.000,0.300,9969.400,0.000,0.0000,0.0000,1,1,0.0000,3029.140,0.0000,0,END
START,TIDCU127,1,2019-06-29,19:17:42,1,50.020,230.000,230.200,236.600,139.500,135.000,144.200,0.000,0.000,0.000,0.000,0.802,0.000,0.000,0.000,78.000,0.000,0.000,0.000,57.800,0.000,0.000,0.000,97.300,1272207.600,0.000,0.0000,0.0000,1,1,0.0000,31914.110,0.0000,0,END
START,TIDCU128,1,2019-06-29,19:17:44,1,50.020,239.400,240.600,240.400,319.200,270.800,259.000,0.000,0.000,0.000,0.000,0.940,0.000,0.000,0.000,191.600,0.000,0.000,0.000,68.900,0.000,0.000,0.000,203.800,4140667.000,0.000,0.0000,0.0000,1,1,0.0000,6137.520,0.0000,0,END
START,TIDCU129,1,2019-06-29,19:17:46,1,0,0,0,0,0,0,0,0,0,0,0,0,0,0,0,0,0,0,0,0,0,0,0,0,0,0,0,0,0,0,0,0,0,0,0,0,0,0,0,END
START,TIDCU130,1,2019-06-29,19:17:47,1,0,0,0,0,0,0,0,0,0,0,0,0,0,0,0,0,0,0,0,0,0,0,0,0,0,0,0,0,0,0,0,0,0,0,0,0,0,0,0,END
START,TIDCU131,1,2019-06-29,19:17:48,1,0,0,0,0,0,0,0,0,0,0,0,0,0,0,0,0,0,0,0,0,0,0,0,0,0,0,0,0,0,0,0,0,0,0,0,0,0,0,0,END
START,TIDCU132,1,2019-06-29,19:17:49,1,0,0,0,0,0,0,0,0,0,0,0,0,0,0,0,0,0,0,0,0,0,0,0,0,0,0,0,0,0,0,0,0,0,0,0,0,0,0,0,END

