START,TIDCU101,1,2019-06-29,19:36:32,1,49.950,242.500,241.800,242.900,0.000,0.000,0.000,0.000,0.000,0.000,0.000,0.000,0.000,0.000,0.000,0.000,0.000,0.000,0.000,0.000,0.000,0.000,0.000,0.000,2520.300,0.000,0.0000,0.0000,1,1,0.0000,191.040,0.0000,0,END
START,TIDCU102,1,2019-06-29,19:36:34,1,49.950,243.800,243.200,243.800,54.100,53.500,54.400,0.000,0.000,0.000,0.000,1.000,0.000,0.000,0.000,39.500,0.000,0.000,0.000,0.700,0.000,0.000,0.000,39.500,9500.300,0.000,0.0000,0.0000,1,1,0.0000,1058.490,0.0000,0,END
START,TIDCU103,1,2019-06-29,19:36:36,1,49.960,243.300,242.900,243.500,2.000,2.000,2.300,0.000,0.000,0.000,0.000,0.270,0.000,0.000,0.000,0.400,0.000,0.000,0.000,1.500,0.000,0.000,0.000,1.500,6439.500,0.000,0.0000,0.0000,1,1,0.0000,1059.120,0.0000,0,END
START,TIDCU104,1,2019-06-29,19:36:38,1,0,0,0,0,0,0,0,0,0,0,0,0,0,0,0,0,0,0,0,0,0,0,0,0,0,0,0,0,0,0,0,0,0,0,0,0,0,0,0,END
START,TIDCU105,1,2019-06-29,19:36:41,1,49.940,238.000,240.000,240.900,30.500,23.900,35.200,0.000,0.000,0.000,0.000,0.731,0.000,0.000,0.000,15.600,0.000,0.000,0.000,14.500,0.000,0.000,0.000,21.300,11178.900,0.000,0.0000,0.0000,1,1,0.0000,1153.270,0.0000,0,END
START,TIDCU106,1,2019-06-29,19:36:43,1,0.000,0.000,0.000,0.000,59.938,58.954,60.504,0.000,0.000,0.000,0.000,0.000,14.143,13.946,14.266,42.355,0.000,0.000,0.000,0.000,0.000,0.000,0.000,0.000,1865471.3750,0.0000,0.0000,0.0000,1,1,0.0000,187061859,0.0000,0,END
START,TIDCU107,1,2019-06-29,19:36:45,1,49.940,240.500,241.100,240.700,70.400,71.700,71.100,0.000,0.000,0.000,0.000,0.829,0.000,0.000,0.000,42.500,0.000,0.000,0.000,1.700,0.000,0.000,0.000,51.300,469071.000,0.000,0.0000,0.0000,1,1,0.0000,5618.260,0.0000,0,END
START,TIDCU108,1,2019-06-29,19:36:47,1,0.000,0.000,0.000,0.000,40.076,37.027,36.615,0.000,0.000,0.000,0.000,0.000,5.909,5.251,5.566,16.726,0.000,0.000,0.000,0.000,0.000,0.000,0.000,0.000,1348546.8750,0.0000,0.0000,0.0000,1,1,0.0000,339625447,0.0000,0,END
START,TIDCU109,1,2019-06-29,19:36:49,1,0,0,0,0,0,0,0,0,0,0,0,0,0,0,0,0,0,0,0,0,0,0,0,0,0,0,0,0,0,0,0,0,0,0,0,0,0,0,0,END
START,TIDCU110,1,2019-06-29,19:36:52,1,0.000,0.000,0.000,0.000,114.111,141.149,113.177,0.000,0.000,0.000,0.000,0.000,9.224,11.704,9.336,30.264,0.000,0.000,0.000,0.000,0.000,0.000,0.000,0.000,6188114.0000,0.0000,0.0000,0.0000,1,1,0.0000,214661918,0.0000,0,END
START,TIDCU111,1,2019-06-29,19:36:54,1,82.590,2257.600,1438.500,1413.300,1822.400,1360.000,2007.900,0.000,0.000,0.000,0.000,20.079,0.000,0.000,0.000,2494.600,0.000,0.000,0.000,2563.200,0.000,0.000,0.000,825.900,0.000,163488668.800,0.0000,0.0000,1,1,0.0000,0.110,0.0000,0,END
START,TIDCU112,1,2019-06-29,19:36:57,1,49.940,241.600,239.900,241.400,40.500,38.400,34.900,0.000,0.000,0.000,0.000,0.659,0.000,0.000,0.000,18.100,0.000,0.000,0.000,20.600,0.000,0.000,0.000,27.400,77742.100,0.000,0.0000,0.0000,1,1,0.0000,4210.360,0.0000,0,END
START,TIDCU113,1,2019-06-29,19:36:59,1,0.000,0.000,0.000,0.000,331.990,355.413,334.712,0.000,0.000,0.000,0.000,0.000,38.467,42.237,39.400,120.104,0.000,0.000,0.000,0.000,0.000,0.000,0.000,0.000,8267129.5000,0.0000,0.0000,0.0000,1,1,0.0000,312609594,0.0000,0,END
START,TIDCU114,1,2019-06-29,19:37:01,1,0.000,0.000,0.000,0.000,70.259,70.991,69.663,0.000,0.000,0.000,0.000,0.000,15.499,15.733,15.721,46.954,0.000,0.000,0.000,0.000,0.000,0.000,0.000,0.000,2983084.5000,0.0000,0.0000,0.0000,1,1,0.0000,278495800,0.0000,0,END
START,TIDCU115,1,2019-06-29,19:37:03,1,50.041,241.047,241.010,241.359,48.608,42.350,45.523,0.000,0.975,0.975,0.956,0.968,11.419,9.948,10.506,31.873,0.000,0.000,0.000,0.000,11.717,10.207,10.987,32.911,201879.188,0.000,0.000,0.000,1.000,1.000,0,0,END
START,TIDCU116,1,2019-06-29,19:37:06,1,50.031,126.490,125.675,124.652,233.579,296.536,293.067,0.000,0.903,0.913,-0.927,-0.915,-26.677,-34.019,-33.872,94.567,0.000,0.000,0.000,0.000,29.545,37.267,36.531,103.344,659776.125,0.000,0.000,0.000,1.000,1.000,0,0,END
START,TIDCU117,1,2019-06-29,19:37:08,1,50.052,241.750,241.879,240.556,103.185,103.454,102.127,0.000,0.999,0.999,0.999,0.999,24.939,-25.065,24.575,74.579,0.000,0.000,0.000,0.000,24.945,25.023,24.567,74.536,319580.219,0.000,0.000,0.000,1.000,1.000,0,0,END
START,TIDCU118,1,2019-06-29,19:37:10,1,82.590,2257.600,1438.500,1413.300,1822.400,1360.000,2007.900,0.000,0.000,0.000,0.000,20.079,0.000,0.000,0.000,2494.600,0.000,0.000,0.000,2563.200,0.000,0.000,0.000,825.900,0.000,163488668.800,0.0000,0.0000,1,1,0.0000,0.180,0.0000,0,END
START,TIDCU119,1,2019-06-29,19:37:12,1,0,0,0,0,0,0,0,0,0,0,0,0,0,0,0,0,0,0,0,0,0,0,0,0,0,0,0,0,0,0,0,0,0,0,0,0,0,0,0,END
START,TIDCU120,1,2019-06-29,19:37:15,1,0,0,0,0,0,0,0,0,0,0,0,0,0,0,0,0,0,0,0,0,0,0,0,0,0,0,0,0,0,0,0,0,0,0,0,0,0,0,0,END
START,TIDCU121,1,2019-06-29,19:37:18,1,0,0,0,0,0,0,0,0,0,0,0,0,0,0,0,0,0,0,0,0,0,0,0,0,0,0,0,0,0,0,0,0,0,0,0,0,0,0,0,END
START,TIDCU122,1,2019-06-29,19:37:21,1,49.950,232.600,232.000,238.000,0.000,0.000,0.000,0.000,0.000,0.000,0.000,0.000,0.000,0.000,0.000,0.000,0.000,0.000,0.000,0.000,0.000,0.000,0.000,0.000,4079.100,0.000,0.0000,0.0000,1,1,0.0000,790.110,0.0000,0,END
START,TIDCU123,1,2019-06-29,19:37:23,1,49.940,232.600,232.200,238.200,0.500,0.600,0.600,0.000,0.000,0.000,0.000,0.446,0.000,0.000,0.000,0.200,0.000,0.000,0.000,0.400,0.000,0.000,0.000,0.400,11011.900,0.000,0.0000,0.0000,1,1,0.0000,6790.120,0.0000,0,END
START,TIDCU124,1,2019-06-29,19:37:25,1,49.960,231.900,231.600,237.800,3.900,3.500,54.500,0.000,0.000,0.000,0.000,1.995,0.000,0.000,0.000,13.900,0.000,0.000,0.000,1.300,0.000,0.000,0.000,14.000,0.000,165935.700,0.0000,0.0000,1,1,0.0000,384.000,0.0000,0,END
START,TIDCU125,1,2019-06-29,19:37:27,1,49.940,232.200,232.400,237.700,5.700,5.300,5.700,0.000,0.000,0.000,0.000,0.778,0.000,0.000,0.000,3.100,0.000,0.000,0.000,2.500,0.000,0.000,0.000,3.900,133770.300,0.000,0.0000,0.0000,1,1,0.0000,9340.090,0.0000,0,END
START,TIDCU126,1,2019-06-29,19:37:29,1,49.960,233.100,233.100,238.300,1.600,1.400,1.700,0.000,0.000,0.000,0.000,0.201,0.000,0.000,0.000,0.000,0.000,0.000,0.000,0.300,0.000,0.000,0.000,0.300,9970.800,0.000,0.0000,0.0000,1,1,0.0000,3029.140,0.0000,0,END
START,TIDCU127,1,2019-06-29,19:37:31,1,49.960,232.600,232.000,237.600,143.300,137.200,144.100,0.000,0.000,0.000,0.000,0.784,0.000,0.000,0.000,77.900,0.000,0.000,0.000,61.500,0.000,0.000,0.000,99.400,1272233.400,0.000,0.0000,0.0000,1,1,0.0000,31914.310,0.0000,0,END
START,TIDCU128,1,2019-06-29,19:37:33,1,49.950,242.100,243.400,243.400,313.300,275.400,254.600,0.000,0.000,0.000,0.000,0.937,0.000,0.000,0.000,192.000,0.000,0.000,0.000,70.900,0.000,0.000,0.000,204.800,4140729.700,0.000,0.0000,0.0000,1,1,0.0000,6138.120,0.0000,0,END
START,TIDCU129,1,2019-06-29,19:37:35,1,0,0,0,0,0,0,0,0,0,0,0,0,0,0,0,0,0,0,0,0,0,0,0,0,0,0,0,0,0,0,0,0,0,0,0,0,0,0,0,END
START,TIDCU130,1,2019-06-29,19:37:36,1,0,0,0,0,0,0,0,0,0,0,0,0,0,0,0,0,0,0,0,0,0,0,0,0,0,0,0,0,0,0,0,0,0,0,0,0,0,0,0,END
START,TIDCU131,1,2019-06-29,19:37:37,1,0,0,0,0,0,0,0,0,0,0,0,0,0,0,0,0,0,0,0,0,0,0,0,0,0,0,0,0,0,0,0,0,0,0,0,0,0,0,0,END
START,TIDCU132,1,2019-06-29,19:37:38,1,0,0,0,0,0,0,0,0,0,0,0,0,0,0,0,0,0,0,0,0,0,0,0,0,0,0,0,0,0,0,0,0,0,0,0,0,0,0,0,END
*