START,TIDCU101,1,2019-06-29,18:12:37,1,49.900,241.200,240.100,240.600,0.000,0.000,0.000,0.000,0.000,0.000,0.000,0.000,0.000,0.000,0.000,0.000,0.000,0.000,0.000,0.000,0.000,0.000,0.000,0.000,2520.300,0.000,0.0000,0.0000,1,1,0.0000,191.040,0.0000,0,END
START,TIDCU102,1,2019-06-29,18:12:39,1,49.900,241.700,241.100,242.300,2.200,1.900,2.200,0.000,0.000,0.000,0.000,0.332,0.000,0.000,0.000,0.500,0.000,0.000,0.000,1.400,0.000,0.000,0.000,1.500,9494.700,0.000,0.0000,0.0000,1,1,0.0000,1057.250,0.0000,0,END
START,TIDCU103,1,2019-06-29,18:12:41,1,49.900,241.400,240.600,242.500,1.900,2.000,2.300,0.000,0.000,0.000,0.000,0.285,0.000,0.000,0.000,0.400,0.000,0.000,0.000,1.400,0.000,0.000,0.000,1.500,6431.700,0.000,0.0000,0.0000,1,1,0.0000,1057.480,0.0000,0,END
START,TIDCU104,1,2019-06-29,18:12:43,1,0,0,0,0,0,0,0,0,0,0,0,0,0,0,0,0,0,0,0,0,0,0,0,0,0,0,0,0,0,0,0,0,0,0,0,0,0,0,0,END
START,TIDCU105,1,2019-06-29,18:12:46,1,49.890,242.100,242.300,242.500,42.000,29.900,38.300,0.000,0.000,0.000,0.000,0.671,0.000,0.000,0.000,17.800,0.000,0.000,0.000,19.700,0.000,0.000,0.000,26.600,11157.700,0.000,0.0000,0.0000,1,1,0.0000,1152.030,0.0000,0,END
START,TIDCU106,1,2019-06-29,18:12:48,1,0.000,0.000,0.000,0.000,60.669,60.169,61.294,0.000,0.000,0.000,0.000,0.000,14.391,14.401,14.601,43.394,0.000,0.000,0.000,0.000,0.000,0.000,0.000,0.000,1865423.3750,0.0000,0.0000,0.0000,1,1,0.0000,187056824,0.0000,0,END
START,TIDCU107,1,2019-06-29,18:12:50,1,49.870,241.900,242.000,241.600,170.200,179.900,164.400,0.000,0.000,0.000,0.000,0.909,0.000,0.000,0.000,113.100,0.000,0.000,0.000,0.300,0.000,0.000,0.000,124.400,468945.200,0.000,0.0000,0.0000,1,1,0.0000,5617.020,0.0000,0,END
START,TIDCU108,1,2019-06-29,18:12:52,1,0.000,0.000,0.000,0.000,41.345,37.655,37.002,0.000,0.000,0.000,0.000,0.000,6.130,5.229,5.664,17.023,0.000,0.000,0.000,0.000,0.000,0.000,0.000,0.000,1348523.0000,0.0000,0.0000,0.0000,1,1,0.0000,339620413,0.0000,0,END
START,TIDCU109,1,2019-06-29,18:12:54,1,0,0,0,0,0,0,0,0,0,0,0,0,0,0,0,0,0,0,0,0,0,0,0,0,0,0,0,0,0,0,0,0,0,0,0,0,0,0,0,END
START,TIDCU110,1,2019-06-29,18:12:57,1,0.000,0.000,0.000,0.000,188.640,223.735,188.458,0.000,0.000,0.000,0.000,0.000,19.592,23.319,19.877,62.788,0.000,0.000,0.000,0.000,0.000,0.000,0.000,0.000,6188005.0000,0.0000,0.0000,0.0000,1,1,0.0000,214656883,0.0000,0,END
START,TIDCU111,1,2019-06-29,18:13:00,1,82.590,2257.600,1438.500,1413.300,1822.400,1360.000,2007.900,0.000,0.000,0.000,0.000,20.079,0.000,0.000,0.000,2494.600,0.000,0.000,0.000,2563.200,0.000,0.000,0.000,825.900,0.000,163488668.800,0.0000,0.0000,1,1,0.0000,0.110,0.0000,0,END
START,TIDCU112,1,2019-06-29,18:13:02,1,49.870,238.900,237.800,238.900,44.400,41.800,39.200,0.000,0.000,0.000,0.000,0.634,0.000,0.000,0.000,19.000,0.000,0.000,0.000,23.000,0.000,0.000,0.000,29.900,77716.400,0.000,0.0000,0.0000,1,1,0.0000,4209.120,0.0000,0,END
START,TIDCU113,1,2019-06-29,18:13:04,1,0.000,0.000,0.000,0.000,236.198,253.224,238.444,0.000,0.000,0.000,0.000,0.000,25.833,29.279,26.550,81.662,0.000,0.000,0.000,0.000,0.000,0.000,0.000,0.000,8266979.5000,0.0000,0.0000,0.0000,1,1,0.0000,312604559,0.0000,0,END
START,TIDCU114,1,2019-06-29,18:13:06,1,0.000,0.000,0.000,0.000,38.265,38.765,37.516,0.000,0.000,0.000,0.000,0.000,5.883,6.267,6.131,18.281,0.000,0.000,0.000,0.000,0.000,0.000,0.000,0.000,2983009.2500,0.0000,0.0000,0.0000,1,1,0.0000,278490765,0.0000,0,END
START,TIDCU115,1,2019-06-29,18:13:08,r1,50.022,242.526,242.737,242.603,49.821,44.191,46.304,0.000,0.970,0.971,0.959,0.967,11.715,10.421,10.773,32.909,0.000,0.000,0.000,0.000,12.083,10.727,11.234,34.043,201834.141,0.000,0.000,0.000,1.000,1.000,0,0,END
START,TIDCU116,1,2019-06-29,18:13:11,1,49.957,127.903,126.401,125.189,240.985,302.011,297.770,0.000,0.875,0.910,-0.927,-0.906,-26.957,-34.741,-34.543,96.240,0.000,0.000,0.000,0.000,30.823,38.175,37.278,106.275,659617.875,0.000,0.000,0.000,1.000,1.000,0,0,END
START,TIDCU117,1,2019-06-29,18:13:13,1,50.006,243.735,243.673,242.613,60.042,59.992,59.386,0.000,0.999,0.999,0.999,0.999,14.644,-14.614,14.403,43.661,0.000,0.000,0.000,0.000,14.634,14.619,14.408,43.661,319528.781,0.000,0.000,0.000,1.000,1.000,0,0,END
START,TIDCU118,1,2019-06-29,18:13:15,1,82.590,2257.600,1438.500,1413.300,1822.400,1360.000,2007.900,0.000,0.000,0.000,0.000,20.079,0.000,0.000,0.000,2494.600,0.000,0.000,0.000,2563.200,0.000,0.000,0.000,825.900,0.000,163488668.800,0.0000,0.0000,1,1,0.0000,0.180,0.0000,0,END
START,TIDCU119,1,2019-06-29,18:13:17,1,0,0,0,0,0,0,0,0,0,0,0,0,0,0,0,0,0,0,0,0,0,0,0,0,0,0,0,0,0,0,0,0,0,0,0,0,0,0,0,END
START,TIDCU120,1,2019-06-29,18:13:20,1,0,0,0,0,0,0,0,0,0,0,0,0,0,0,0,0,0,0,0,0,0,0,0,0,0,0,0,0,0,0,0,0,0,0,0,0,0,0,0,END
START,TIDCU121,1,2019-06-29,18:13:23,1,0,0,0,0,0,0,0,0,0,0,0,0,0,0,0,0,0,0,0,0,0,0,0,0,0,0,0,0,0,0,0,0,0,0,0,0,0,0,0,END
START,TIDCU122,1,2019-06-29,18:13:26,1,49.920,230.600,232.100,237.300,0.000,0.000,0.000,0.000,0.000,0.000,0.000,0.000,0.000,0.000,0.000,0.000,0.000,0.000,0.000,0.000,0.000,0.000,0.000,0.000,4079.100,0.000,0.0000,0.0000,1,1,0.0000,790.110,0.0000,0,END
START,TIDCU123,1,2019-06-29,18:13:28,1,49.940,230.900,232.600,237.500,0.000,0.000,0.000,0.000,0.000,0.000,0.000,0.000,0.000,0.000,0.000,0.000,0.000,0.000,0.000,0.000,0.000,0.000,0.000,0.000,11007.600,0.000,0.0000,0.0000,1,1,0.0000,6790.010,0.0000,0,END
START,TIDCU124,1,2019-06-29,18:13:30,1,49.920,231.000,232.500,237.500,0.900,0.800,5.700,0.000,0.000,0.000,0.000,0.845,0.000,0.000,0.000,1.400,0.000,0.000,0.000,0.900,0.000,0.000,0.000,1.700,0.000,165935.700,0.0000,0.0000,1,1,0.0000,384.000,0.0000,0,END
START,TIDCU125,1,2019-06-29,18:13:32,1,49.930,230.600,232.600,236.900,5.500,5.400,5.700,0.000,0.000,0.000,0.000,0.777,0.000,0.000,0.000,3.000,0.000,0.000,0.000,2.400,0.000,0.000,0.000,3.900,133743.500,0.000,0.0000,0.0000,1,1,0.0000,9338.450,0.0000,0,END
START,TIDCU126,1,2019-06-29,18:13:34,1,49.920,230.800,232.700,237.400,0.000,0.000,0.000,0.000,0.000,0.000,0.000,0.000,0.000,0.000,0.000,0.000,0.000,0.000,0.000,0.000,0.000,0.000,0.000,0.000,9965.000,0.000,0.0000,0.0000,1,1,0.0000,3029.120,0.0000,0,END
START,TIDCU127,1,2019-06-29,18:13:36,1,49.920,229.900,231.500,236.600,139.400,133.500,141.200,0.000,0.000,0.000,0.000,0.789,0.000,0.000,0.000,76.000,0.000,0.000,0.000,59.200,0.000,0.000,0.000,96.400,1272128.300,0.000,0.0000,0.0000,1,1,0.0000,31913.070,0.0000,0,END
START,TIDCU128,1,2019-06-29,18:13:38,1,49.930,245.300,246.000,245.400,227.200,189.100,183.400,0.000,0.000,0.000,0.000,0.980,0.000,0.000,0.000,144.400,0.000,0.000,0.000,23.500,0.000,0.000,0.000,147.300,4140482.400,0.000,0.0000,0.0000,1,1,0.0000,6136.480,0.0000,0,END
START,TIDCU129,1,2019-06-29,18:13:40,1,0,0,0,0,0,0,0,0,0,0,0,0,0,0,0,0,0,0,0,0,0,0,0,0,0,0,0,0,0,0,0,0,0,0,0,0,0,0,0,END
START,TIDCU130,1,2019-06-29,18:13:41,1,0,0,0,0,0,0,0,0,0,0,0,0,0,0,0,0,0,0,0,0,0,0,0,0,0,0,0,0,0,0,0,0,0,0,0,0,0,0,0,END
START,TIDCU131,1,2019-06-29,18:13:42,1,0,0,0,0,0,0,0,0,0,0,0,0,0,0,0,0,0,0,0,0,0,0,0,0,0,0,0,0,0,0,0,0,0,0,0,0,0,0,0,END
START,TIDCU132,1,2019-06-29,18:13:43,1,0,0,0,0,0,0,0,0,0,0,0,0,0,0,0,0,0,0,0,0,0,0,0,0,0,0,0,0,0,0,0,0,0,0,0,0,0,0,0,END
*
