START,TIDCU101,1,2019-06-29,19:26:08,1,49.990,240.800,240.500,241.200,0.000,0.000,0.000,0.000,0.000,0.000,0.000,0.000,0.000,0.000,0.000,0.000,0.000,0.000,0.000,0.000,0.000,0.000,0.000,0.000,2520.300,0.000,0.0000,0.0000,1,1,0.0000,191.040,0.0000,0,END
START,TIDCU102,1,2019-06-29,19:26:10,1,49.980,243.000,242.000,242.800,2.200,1.900,2.100,0.000,0.000,0.000,0.000,0.245,0.000,0.000,0.000,0.400,0.000,0.000,0.000,1.500,0.000,0.000,0.000,1.500,9500.000,0.000,0.0000,0.0000,1,1,0.0000,1058.390,0.0000,0,END
START,TIDCU103,1,2019-06-29,19:26:12,1,49.980,242.700,241.800,242.700,1.900,2.000,2.300,0.000,0.000,0.000,0.000,0.294,0.000,0.000,0.000,0.400,0.000,0.000,0.000,1.400,0.000,0.000,0.000,1.500,6439.400,0.000,0.0000,0.0000,1,1,0.0000,1059.020,0.0000,0,END
,TIDCU104,1,2019-06-29,19:26:14,1,0,0,0,0,0,0,0,0,0,0,0,0,0,0,0,0,0,0,0,0,0,0,0,0,0,0,0,0,0,0,0,0,0,0,0,0,0,0,0,
START,TIDCU105,1,2019-06-29,19:26:17,1,49.980,237.300,239.500,240.300,29.900,24.600,34.500,0.000,0.000,0.000,0.000,0.712,0.000,0.000,0.000,15.100,0.000,0.000,0.000,14.800,0.000,0.000,0.000,21.200,11176.400,0.000,0.0000,0.0000,1,1,0.0000,1153.160,0.0000,0,END
START,TIDCU106,1,2019-06-29,19:26:19,1,0.000,0.000,0.000,0.000,60.168,59.302,60.692,0.000,0.000,0.000,0.000,0.000,14.111,14.050,14.314,42.475,0.000,0.000,0.000,0.000,0.000,0.000,0.000,0.000,1865464.8750,0.0000,0.0000,0.0000,1,1,0.0000,187061235,0.0000,0,END
START,TIDCU107,1,2019-06-29,19:26:21,1,49.970,239.500,240.700,240.200,123.300,128.900,120.200,0.000,0.000,0.000,0.000,0.869,0.000,0.000,0.000,77.700,0.000,0.000,0.000,1.900,0.000,0.000,0.000,89.400,469058.000,0.000,0.0000,0.0000,1,1,0.0000,5618.150,0.0000,0,END
START,TIDCU108,1,2019-06-29,19:26:23,1,0.000,0.000,0.000,0.000,40.593,37.650,37.351,0.000,0.000,0.000,0.000,0.000,6.028,5.385,5.710,17.123,0.000,0.000,0.000,0.000,0.000,0.000,0.000,0.000,1348543.7500,0.0000,0.0000,0.0000,1,1,0.0000,339624823,0.0000,0,END
START,TIDCU109,1,2019-06-29,19:26:25,1,0,0,0,0,0,0,0,0,0,0,0,0,0,0,0,0,0,0,0,0,0,0,0,0,0,0,0,0,0,0,0,0,0,0,0,0,0,0,0,END
START,TIDCU110,1,2019-06-29,19:26:28,1,0.000,0.000,0.000,0.000,373.366,395.931,371.791,0.000,0.000,0.000,0.000,0.000,44.600,47.076,45.482,137.158,0.000,0.000,0.000,0.000,0.000,0.000,0.000,0.000,6188099.0000,0.0000,0.0000,0.0000,1,1,0.0000,214661294,0.0000,0,END
START,TIDCU111,1,2019-06-29,19:26:30,1,82.590,2257.600,1438.500,1413.300,1822.400,1360.000,2007.900,0.000,0.000,0.000,0.000,20.079,0.000,0.000,0.000,2494.600,0.000,0.000,0.000,2563.200,0.000,0.000,0.000,825.900,0.000,163488668.800,0.0000,0.0000,1,1,0.0000,0.110,0.0000,0,END
START,TIDCU112,1,2019-06-29,19:26:32,1,49.980,239.300,238.200,239.900,39.700,37.900,35.000,0.000,0.000,0.000,0.000,0.668,0.000,0.000,0.000,18.000,0.000,0.000,0.000,19.900,0.000,0.000,0.000,26.900,77738.900,0.000,0.0000,0.0000,1,1,0.0000,4210.250,0.0000,0,END
START,TIDCU113,1,2019-06-29,19:26:34,1,0.000,0.000,0.000,0.000,232.929,248.005,233.208,0.000,0.000,0.000,0.000,0.000,25.103,28.240,25.617,78.960,0.000,0.000,0.000,0.000,0.000,0.000,0.000,0.000,8267110.5000,0.0000,0.0000,0.0000,1,1,0.0000,312608969,0.0000,0,END
START,TIDCU114,1,2019-06-29,19:26:37,1,0.000,0.000,0.000,0.000,81.932,82.142,79.965,0.000,0.000,0.000,0.000,0.000,18.556,18.598,18.225,55.380,0.000,0.000,0.000,0.000,0.000,0.000,0.000,0.000,2983078.0000,0.0000,0.0000,0.0000,1,1,0.0000,278495175,0.0000,0,END
START,TIDCU115,1,2019-06-29,19:26:39,1,50.104,240.721,240.229,240.676,48.532,41.941,45.767,0.000,0.972,0.971,0.954,0.966,11.354,9.781,10.512,31.647,0.000,0.000,0.000,0.000,11.683,10.076,11.015,32.773,201873.578,0.000,0.000,0.000,1.000,1.000,0,0,END
START,TIDCU116,1,2019-06-29,19:26:41,1,50.050,123.739,123.649,124.037,362.010,392.778,389.424,0.000,0.968,0.971,-0.973,-0.971,-43.364,-47.181,-47.003,137.548,0.000,0.000,0.000,0.000,44.795,48.567,48.303,141.664,659756.062,0.000,0.000,0.000,1.000,1.000,0,0,END
START,TIDCU117,1,2019-06-29,19:26:43,1,50.094,241.630,241.682,241.760,0.000,0.000,0.000,0.000,0.000,0.000,0.000,0.000,0.000,0.000,0.000,0.000,0.000,0.000,0.000,0.000,0.000,0.000,0.000,0.000,319575.656,0.000,0.000,0.000,1.000,1.000,0,0,END
START,TIDCU118,1,2019-06-29,19:26:46,1,82.590,2257.600,1438.500,1413.300,1822.400,1360.000,2007.900,0.000,0.000,0.000,0.000,20.079,0.000,0.000,0.000,2494.600,0.000,0.000,0.000,2563.200,0.000,0.000,0.000,825.900,0.000,163488668.800,0.0000,0.0000,1,1,0.0000,0.180,0.0000,0,END
START,TIDCU119,1,2019-06-29,19:26:48,1,0,0,0,0,0,0,0,0,0,0,0,0,0,0,0,0,0,0,0,0,0,0,0,0,0,0,0,0,0,0,0,0,0,0,0,0,0,0,0,END
START,TIDCU120,1,2019-06-29,19:26:51,1,0,0,0,0,0,0,0,0,0,0,0,0,0,0,0,0,0,0,0,0,0,0,0,0,0,0,0,0,0,0,0,0,0,0,0,0,0,0,0,END
START,TIDCU121,1,2019-06-29,19:26:53,1,0,0,0,0,0,0,0,0,0,0,0,0,0,0,0,0,0,0,0,0,0,0,0,0,0,0,0,0,0,0,0,0,0,0,0,0,0,0,0,END
START,TIDCU122,1,2019-06-29,19:26:56,1,50.000,229.100,230.000,236.600,0.000,0.000,0.000,0.000,0.000,0.000,0.000,0.000,0.000,0.000,0.000,0.000,0.000,0.000,0.000,0.000,0.000,0.000,0.000,0.000,4079.100,0.000,0.0000,0.0000,1,1,0.0000,790.110,0.0000,0,END
START,TIDCU123,1,2019-06-29,19:26:58,1,50.000,229.600,230.600,237.100,33.600,33.800,33.900,0.000,0.000,0.000,0.000,1.000,0.000,0.000,0.000,23.500,0.000,0.000,0.000,0.600,0.000,0.000,0.000,23.500,11008.000,0.000,0.0000,0.0000,1,1,0.0000,6790.020,0.0000,0,END
START,TIDCU124,1,2019-06-29,19:27:00,1,50.000,229.400,230.500,237.000,5.100,4.500,66.800,0.000,0.000,0.000,0.000,1.990,0.000,0.000,0.000,16.800,0.000,0.000,0.000,2.400,0.000,0.000,0.000,17.000,0.000,165935.700,0.0000,0.0000,1,1,0.0000,384.000,0.0000,0,END
START,TIDCU125,1,2019-06-29,19:27:02,1,50.000,229.100,230.400,236.800,5.500,5.600,10.400,0.000,0.000,0.000,0.000,0.808,0.000,0.000,0.000,4.000,0.000,0.000,0.000,2.900,0.000,0.000,0.000,5.000,133767.800,0.000,0.0000,0.0000,1,1,0.0000,9339.580,0.0000,0,END
START,TIDCU126,1,2019-06-29,19:27:04,1,49.990,229.000,230.400,237.300,1.500,1.400,1.700,0.000,0.000,0.000,0.000,0.141,0.000,0.000,0.000,0.000,0.000,0.000,0.000,0.300,0.000,0.000,0.000,0.300,9970.800,0.000,0.0000,0.0000,1,1,0.0000,3029.230,0.0000,0,END
START,TIDCU127,1,2019-06-29,19:27:06,1,50.000,228.000,229.000,236.200,141.300,138.200,147.800,0.000,0.000,0.000,0.000,0.780,0.000,0.000,0.000,77.100,0.000,0.000,0.000,61.500,0.000,0.000,0.000,98.800,1272219.900,0.000,0.0000,0.0000,1,1,0.0000,31914.200,0.0000,0,END
START,TIDCU128,1,2019-06-29,19:27:08,1,50.000,240.400,239.800,240.500,318.900,259.400,262.100,0.000,0.000,0.000,0.000,0.944,0.000,0.000,0.000,190.700,0.000,0.000,0.000,65.700,0.000,0.000,0.000,201.900,4140696.600,0.000,0.0000,0.0000,1,1,0.0000,6138.010,0.0000,0,END
START,TIDCU129,1,2019-06-29,19:27:10,1,0,0,0,0,0,0,0,0,0,0,0,0,0,0,0,0,0,0,0,0,0,0,0,0,0,0,0,0,0,0,0,0,0,0,0,0,0,0,0,END
START,TIDCU130,1,2019-06-29,19:27:11,1,0,0,0,0,0,0,0,0,0,0,0,0,0,0,0,0,0,0,0,0,0,0,0,0,0,0,0,0,0,0,0,0,0,0,0,0,0,0,0,END
START,TIDCU131,1,2019-06-29,19:27:12,1,0,0,0,0,0,0,0,0,0,0,0,0,0,0,0,0,0,0,0,0,0,0,0,0,0,0,0,0,0,0,0,0,0,0,0,0,0,0,0,END
START,TIDCU132,1,2019-06-29,19:27:13,1,0,0,0,0,0,0,0,0,0,0,0,0,0,0,0,0,0,0,0,0,0,0,0,0,0,0,0,0,0,0,0,0,0,0,0,0,0,0,0,END
*
